1951
2579
1677
1517
589
1716
1455
856
2467
1063
1570
1138
699
54
1818
75
2170
725
909
2098
2478
1623
2408
208
1375
1837
2843
1041
2442
1413
239
493
2178
711
1100
4
2440
1962
14
895
327
1809
2058
1479
65
1131
685
1917
498
73
2231
2435
2485
2293
2748
764
3017
1208
998
939
2537
521
2035
269
515
1183
1334
1624
728
2147
399
421
511
1545
2621
2167
1033
982
2241
1492
2799
494
1087
1247
579
434
1527
206
1130
295
481
2577
2265
1380
255
398
1241
2610
744
1901
2120
1926
1919
393
1374
13
357
2117
2188
721
2561
2396
90
1610
2409
2538
2267
1985
2737
2839
1319
2182
837
1132
1577
1709
1627
1444
2448
842
280
1731
1405
2615
933
1453
2506
2496
2449
2542
1991
809
2067
378
1260
1067
2583
563
2140
2649
1846
609
314
1269
1712
1299
884
2015
320
2795
2028
2036
2228
2367
2416
157
1328
2022
965
310
2590
2206
1140
1707
2264
2021
2807
96
647
64
951
2582
456
2094
1450
621
1637
901
2457
2551
403
1454
1318
2527
2053
50
219
2651
4044
881
2690
3038
1322
285
608
1210
713
649
2452
2339
2136
1161
80
418
2510
1733
626
1783
1142
1485
1387
1605
32
1337
623
2725
342
2248
490
3297
1688
1159
439
2765
915
897
1096
774
1468
526
2630
1281
1038
58
312
1866
1941
780
450
652
104
845
759
2063
3005
2122
2837
2801
2278
1752
930
2509
1226
1925
1670
2232
1212
3058
85
882
1622
2597
2796
1741
1385
2333
2284
1835
1332
1395
1079
446
2234
1425
436
1151
1689
900
1075
1343
691
730
2400
2404
2761
2183
217
175
1515
1978
2700
1442
1632
1840
1116
660
1401
643
931
2591
663
3025
2438
1994
1954
153
1050
2046
1440
142
2216
1258
2162
1280
1683
36
1243
2570
465
2507
2359
597
466
1435
2218
2439
2215
29
2607
94
1048
1626
1500
2518
2774
2323
394
1443
194
2694
383
1368
1621
2329
1586
213
1841
2240
2410
1034
1912
969
1449
1493
554
1305
999
1725
2412
2158
739
2454
265
2536
2107
1376
717
1738
1887
46
2672
1748
276
2207
1166
2285
2271
272
1408
615
1723
1852
307
1476
216
2190
2657
491
798
1575
158
1983
2428
118
1415
1384
91
2061
944
149
2573
1521
701
249
2556
2072
1490
1830
1155
1609
2189
2315
2661
1744
135
1069
473
2576
724
545
1740
632
2268
507
2787
644
2157
1369
2611
1671
1533
2073
1967
527
661
973
2243
1157
431
1074
2426
2775
575
1860
1847
1309
78
530
2064
1625
695
55
141
2673
1047
885
806
174
2282
1918
1191
2834
98
2307
2521
2581
1268
240
1301
2407
1915
2711
1284
3730
2125
522
1336
635
1681
1356
551
1861
1558
2602
1850
1491
1207
87
815
1870
2756
2550
580
2618
2563
3472
2085
571
2693
1693
1005
734
2822
940
3069
683
1535
1366
1956
642
107
870
1796
574
111
1115
1803
454
2684
2805
2318
271
1572
1855
2592
2782
2566
2025
1145
231
1232
2236
858
95
2399
1308
2679
1888
392
1982
772
1722
1889
1573
1842
1314
305
2
887
754
1037
2242
917
1802
541
1078
1193
404
1312
39
602
2532
2110
727
1845
3280
1392
1457
690
1424
1475
2674
1940
1747
1597
115
1710
4011
860
61
1937
1680
2381
1958
687
89
549
1773
583
1616
2680
443
2820
1388
1253
1018
205
2662
1414
1953
2128
1872
1403
2187
2697
2817
894
2565
788
2030
1153
2296
2418
1
1537
1144
1999
457
470
1340
1788
1543
2088
197
472
475
27
1585
839
1002
1092
2441
373
282
1668
2312
1451
1848
1810
218
1895
1765
1551
2503
1459
1971
160
1053
2007
2842
880
365
639
2348
2836
1372
2665
3548
576
859
2049
128
2341
2629
2464
2337
1588
319
1204
3643
2545
124
2717
388
41
2388
496
59
812
1798
634
2087
1532
1501
582
1496
1970
1511
1361
1012
1407
1897
2326
1184
1665
1642
281
1342
1525
822
2383
2425
1224
729
302
731
2330
568
1338
1165
2821
638
315
391
654
1470
45
1720
2587
2580
1057
1352
2663
2105
2011
2344
2524
2045
2104
184
1943
247
1133
2347
2126
669
1172
235
2508
2327
358
1516
1653
1103
1351
710
106
2656
2528
1735
1391
1640
500
1114
162
2832
584
1697
2387
1230
968
1896
1727
1013
2639
1867
202
850
2220
598
1206
1266
2614
1714
1028
694
301
416
2173
2395
1126
2784
146
2637
996
2525
1644
112
2714
2196
1569
1071
1052
1174
1620
1791
1947
1662
2655
612
192
756
622
2364
277
462
992
1400
1250
1522
1702
2115
133
2600
2728
2585
1218
2682
1044
478
3019
2608
2054
863
242
1216
1672
1231
4109
2055
1215
1252
1822
167
1017
984
987
2513
2230
1482
1276
2009
1168
2776
2302
1119
766
428
1082
1734
1755
716
807
954
2394
229
21
99
445
348
367
557
2642
1446
2460
2313
451
510
1976
2386
1534
352
735
1568
1213
2255
2669
1979
2332
2156
2568
2184
2433
322
1576
688
2141
2685
2044
1807
467
2461
2731
1643
173
480
2079
1619
604
1461
2334
2124
1749
1695
2692
838
1429
1233
922
2846
1178
329
137
2458
1029
1811
844
211
1667
949
442
593
264
1607
1808
2238
2374
1827
387
821
2727
2471
2331
1288
1657
1602
483
187
546
1754
2251
831
1137
270
1795
767
2752
1708
2252
1658
2497
1566
2772
2235
2270
979
489
1464
2712
2605
244
2283
693
1664
1460
1968
183
1484
2709
2754
2169
1054
409
743
1272
2562
2376
738
1638
1859
536
2164
529
2726
3771
1931
2628
2487
163
1768
