2. Screen: app against prototype, correlation of luma at shifts of the app picture (px); * marks the peak
album-bright-d1: peak 0.9992 at shift (0, 0)
    0.9930  0.9947  0.9954  0.9949  0.9933 
    0.9948  0.9967  0.9974  0.9968  0.9950 
    0.9955  0.9975  0.9992* 0.9975  0.9956 
    0.9949  0.9967  0.9974  0.9968  0.9949 
    0.9931  0.9948  0.9954  0.9948  0.9931 
album-bright-d2: peak 0.9986 at shift (0, 0)
    0.9972  0.9977  0.9978  0.9977  0.9972 
    0.9977  0.9982  0.9984  0.9982  0.9977 
    0.9979  0.9984  0.9986* 0.9984  0.9979 
    0.9978  0.9983  0.9984  0.9982  0.9977 
    0.9973  0.9978  0.9979  0.9977  0.9972 
album-d1: peak 0.9987 at shift (0, 0)
    0.9878  0.9913  0.9927  0.9918  0.9887 
    0.9907  0.9944  0.9958  0.9947  0.9912 
    0.9919  0.9956  0.9987* 0.9957  0.9920 
    0.9912  0.9947  0.9959  0.9945  0.9909 
    0.9886  0.9918  0.9928  0.9914  0.9880 
album-d2: peak 0.9977 at shift (0, 0)
    0.9952  0.9962  0.9966  0.9963  0.9955 
    0.9961  0.9970  0.9974  0.9971  0.9962 
    0.9964  0.9974  0.9977* 0.9974  0.9965 
    0.9963  0.9972  0.9975  0.9971  0.9962 
    0.9955  0.9964  0.9967  0.9964  0.9954 
overview-d1: peak 0.9996 at shift (0, 0)
    0.9889  0.9919  0.9934  0.9928  0.9906 
    0.9924  0.9959  0.9975  0.9965  0.9934 
    0.9940  0.9978  0.9996* 0.9978  0.9941 
    0.9933  0.9965  0.9976  0.9960  0.9925 
    0.9905  0.9929  0.9935  0.9921  0.9891 
overview-d2: peak 0.9995 at shift (0, 0)
    0.9963  0.9974  0.9979  0.9977  0.9969 
    0.9975  0.9986  0.9991  0.9988  0.9978 
    0.9980  0.9991  0.9995* 0.9991  0.9981 
    0.9978  0.9988  0.9991  0.9987  0.9976 
    0.9968  0.9977  0.9979  0.9974  0.9964 
overview-mood-d1: peak 0.9997 at shift (0, 0)
    0.9908  0.9934  0.9945  0.9936  0.9909 
    0.9933  0.9966  0.9979  0.9967  0.9934 
    0.9943  0.9979  0.9997* 0.9978  0.9943 
    0.9935  0.9967  0.9979  0.9965  0.9934 
    0.9910  0.9936  0.9944  0.9934  0.9909 
overview-mood-d2: peak 0.9995 at shift (0, 0)
    0.9968  0.9978  0.9982  0.9979  0.9971 
    0.9977  0.9987  0.9991  0.9989  0.9979 
    0.9980  0.9991  0.9995* 0.9992  0.9982 
    0.9978  0.9988  0.9991  0.9988  0.9979 
    0.9970  0.9979  0.9982  0.9978  0.9970 
