1. Files: gas luma under each album against theme.json stars.bg (n albums per stop: 4081)
stop      image   mean luma  r true   r mirrored EW  NS     both   shifted +x     -x     +y     -y
sonic     first       116.7   0.964    0.211         0.437  0.177    0.904       0.900  0.906  0.913
sonic     sharp       117.0   0.964    0.210         0.438  0.176    0.903       0.901  0.907  0.912
balanced  first       114.6   0.962    0.126         0.536  0.132    0.905       0.896  0.908  0.911
balanced  sharp       114.8   0.962    0.126         0.536  0.130    0.904       0.896  0.907  0.910
mood      first       116.0   0.963    0.319         0.204  0.052    0.904       0.905  0.912  0.904
mood      sharp       116.2   0.963    0.319         0.203  0.050    0.903       0.906  0.911  0.904

2. Screen: app against prototype, correlation of luma at shifts of the app picture (px); * marks the peak
album-bright-d1: peak 0.9996 at shift (0, 0)
    0.9926  0.9945  0.9952  0.9946  0.9929 
    0.9947  0.9968  0.9977  0.9970  0.9949 
    0.9954  0.9977  0.9996* 0.9978  0.9956 
    0.9947  0.9969  0.9977  0.9969  0.9948 
    0.9927  0.9946  0.9952  0.9945  0.9927 
album-bright-d2: peak 0.9990 at shift (0, 0)
    0.9972  0.9978  0.9980  0.9979  0.9973 
    0.9979  0.9985  0.9987  0.9985  0.9979 
    0.9981  0.9988  0.9990* 0.9988  0.9981 
    0.9980  0.9986  0.9988  0.9985  0.9979 
    0.9973  0.9979  0.9981  0.9979  0.9973 
album-d1: peak 0.9994 at shift (0, 0)
    0.9871  0.9910  0.9926  0.9915  0.9881 
    0.9903  0.9946  0.9963  0.9949  0.9909 
    0.9916  0.9960  0.9994* 0.9961  0.9917 
    0.9907  0.9948  0.9963  0.9946  0.9904 
    0.9879  0.9914  0.9925  0.9909  0.9871 
album-d2: peak 0.9983 at shift (0, 0)
    0.9953  0.9965  0.9969  0.9966  0.9956 
    0.9963  0.9975  0.9979  0.9976  0.9965 
    0.9967  0.9979  0.9983* 0.9979  0.9968 
    0.9965  0.9976  0.9980  0.9976  0.9964 
    0.9956  0.9967  0.9970  0.9966  0.9954 
overview-d1: peak 0.9998 at shift (0, 0)
    0.9885  0.9914  0.9930  0.9924  0.9902 
    0.9920  0.9957  0.9975  0.9963  0.9930 
    0.9937  0.9977  0.9998* 0.9978  0.9938 
    0.9930  0.9964  0.9976  0.9958  0.9921 
    0.9901  0.9925  0.9931  0.9916  0.9887 
overview-d2: peak 0.9995 at shift (0, 0)
    0.9958  0.9970  0.9976  0.9974  0.9965 
    0.9972  0.9984  0.9990  0.9987  0.9976 
    0.9978  0.9990  0.9995* 0.9991  0.9978 
    0.9975  0.9987  0.9990  0.9985  0.9973 
    0.9964  0.9974  0.9977  0.9971  0.9959 
overview-mood-d1: peak 0.9998 at shift (0, 0)
    0.9906  0.9932  0.9943  0.9934  0.9907 
    0.9931  0.9965  0.9979  0.9966  0.9932 
    0.9942  0.9979  0.9998* 0.9978  0.9941 
    0.9933  0.9966  0.9978  0.9964  0.9931 
    0.9908  0.9934  0.9942  0.9931  0.9906 
overview-mood-d2: peak 0.9995 at shift (0, 0)
    0.9964  0.9975  0.9980  0.9977  0.9968 
    0.9975  0.9986  0.9991  0.9988  0.9977 
    0.9978  0.9990  0.9995* 0.9991  0.9980 
    0.9976  0.9987  0.9991  0.9987  0.9976 
    0.9967  0.9977  0.9980  0.9976  0.9966 
